EB: 0.24479003642102973
EG: 0.4099493112752158
ER: 0.3452606523037545
