EB: 0.24756043965739236
EG: 0.2704715542240625
ER: 0.4819680061185452
